% Data for calculation the physical properties of natural gas
% by the equation VNIC SMV. T = 250 - 340 K, P = 0.1 - 12 MPa
% 1. DATA FOR EQUATION VNIC SMV
% 1.1. Coefficients of the state equation VNIC SMV.
% L 0 1 2 3 4 5 6 7 % k
Akl=[6.087766e-1 -1.832916e0 1.317145e0 -2.837908e0 2.606878e0 -1.155750e0 9.060572e2 4.507142e-2; % 1
 -4.596885e-1 4.175759e0 -1.073657e1 1.534274e1 -1.106722e1 3.601316e0 -5.151915e-1 0 ; % 2
 1.149340e0 -9.404549e0 2.395808e1 -2.771885e1 1.279987e1 -7.326041e-1 7.622076e-2 0 ; % 3
 -6.075010e-1 1.062713e1 -3.147929e1 3.511413e1 -1.211554e1 -1.151685e0 0 0; % 4
 -8.940940e-1 -3.080591e0 1.842846e1 -2.348500e1 7.580666e0 5.403439e-1 0 0; % 5
 1.144404e0 -2.122525e0 -4.092685e0 7.767802e0 -1.894086e0 0 0 0 ;
% 6
 -3.457900e-1 1.781466e0 -1.906595e-1 -1.677977e0 0 0 0 0 ; % 7
 -1.235682e-1 -4.303578e-1 4.015072e-1 3.157961e-1 0 0 0 0 ; % 8
 1.098875e-1 -4.963321e-2 -1.016264e-1 4.008579e-3 0 0 0 0 ; % 9
 -2.193060e-2 3.474960e-2 -9.129047e-3 0 0 0 0 0 ]; % 10
% L 0 1 2 3 4 5 6 7 % k
Bkl=[-7.187864e-1 6.057018e0 -1.295347e1 1.571955e1 -1.375957e1 6.466081e0 -9.775244e-1 -2.298833e-1 ; % 1
 1.067179e1 -7.947685e1 2.208390e2 -3.020599e2 2.055410e2 -5.739220e1 2.612338e0 0 ; % 2
 -2.576870e1 2.167887e2 -5.864596e2 6.845968e2 -3.252751e2 3.694793e1 -4.059629e1 0 ; % 3
 1.713395e1 -2.447320e2 7.444021e2 -8.281484e2 2.846518e2 2.077675e1 0 0; % 4
 1.617303e1 7.804753e1 -4.470704e2 5.600892e2 -1.808168e2 -1.256783e1 0 0;% 5
 -2.438953e1 4.870601e1 9.965370e1 -1.859581e2 4.605637e1 0 0 0 ; % 6
 7.156029e0 -4.192715e1 5.136013e0 3.991057e1 0 0 0 0 ; % 7
 3.350294e0 1.000706e1 -9.576900e0 -7.567516e0 0 0 0 0 ; % 8
 -2.806204e0 1.237872e0 2.419650e0 -1.062596e-1 0 0 0 0 ; % 9
 5.728541e-1 -8.610273e-1 2.275036e-1 0 0 0 0 0 ]; % 10
 % 1.2. Physicales properties of simples gaz
% Critical parameters
% Metan Etan Propan n-Butan i-Butan Azot CO2 H2S %
 M =[16.043 30.070 44.097 58.123 58.123 28.0135 44.010 34.082]; % Mol.mas,kg/kmol
 Pk =[4.5988 4.88 4.25 3.784 3.648 3.390 7.386 8.940 ]; % MPa
 Rok=[163.03 205.53 218.54 226.69 225.64 315.36 466.74 349.37]; % kg/m3
 Tk =[190.67 305.57 369.96 425.40 407.96 125.65 304.11 373.18]; % K
  Zk =[0.2862 0.2822 0.2787 0.2761 0.2769 0.2850 0.2744 0.2810]; % Compr.factor
 O=[6.467e-4 0.1103 0.1764 0.2213 0.2162 0.04185 0.2203 0.042686]; % Pitcer factor
 % 1.3. Binare parameters.
% CH4 C2H6 C3H8 n-But i-But N2 CO2 H2S % j
ksi=[ 0 0.0360 0.0760 0.1210 0.1290 0.0600 0.0740 0.0890; % CH4
 0.0360 0 0 0 0 0.1060 0.0930 0.0790; % C2H6
 0.0760 0 0 0 0 0 0 0; % C3H8
 0.1210 0 0 0 0 0 0 0; % n-But
 0.1290 0 0 0 0 0 0 0; % i-But
 0.0600 0.1060 0 0 0 0 0.0220 0.2110; % N2
 0.0740 0.0930 0 0 0 0.0220 0 0.0890; % CO2
 0.0890 0.0790 0 0 0 0.2110 0.0890 0]; % H2S
% CH4 C2H6 C3H8 n-But i-But N2 CO2 H2S % j
lambda=[ 0 -0.0740 -0.1460 -0.2580 -0.2220 -0.0230 -0.0860 0; % CH4
 -0.0740 0 0 0 0 0 0 0; % C2H6
 -0.1460 0 0 0 0 0 0 0; % C3H8
 -0.2580 0 0 0 0 0 0 0; % n-But
 -0.2220 0 0 0 0 0 0 0; % i-But
 -0.0230 0 0 0 0 0 -0.0640 0; % N2
 -0.0860 0 0 0 0 -0.0640 0 -0.0620; % CO2
 0 0 0 0 0 0 -0.0620 0]; % H2S
